9 9 9 9 9 9 9 9 9 9 9 9 9 9 9 9 9 9 9 9
9 0 0 0 0 0 0 0 0 0 0 0 0 0 0 0 0 0 0 9
9 0 0 0 0 0 0 0 7 0 0 0 0 0 0 3 0 0 0 9
9 0 0 0 3 0 0 0 0 0 0 2 0 0 0 0 0 0 0 9
9 0 0 0 0 0 0 0 0 0 0 0 0 0 0 0 7 0 0 9
9 0 0 0 0 0 0 0 12 13 0 0 0 0 0 0 0 0 0 9
9 0 0 0 0 0 0 0 0 0 0 0 0 0 0 0 0 0 0 9
9 0 0 2 0 0 -1 -1 -1 -1 -1 -1 -1 -1 0 0 0 2 0 9
9 0 0 0 0 0 0 0 0 0 0 0 0 0 0 0 0 0 0 9
9 0 0 0 0 0 0 0 0 13 12 0 0 0 0 0 0 0 0 9
9 0 0 0 0 7 0 0 0 0 0 0 0 0 0 0 3 0 0 9
9 0 0 0 0 0 0 0 0 0 0 0 0 0 0 0 0 0 0 9
9 0 0 3 0 0 0 0 0 0 0 2 0 0 0 0 7 0 0 9
9 0 0 0 0 0 0 0 0 0 0 0 0 0 0 0 0 0 0 9
9 9 9 9 9 9 9 9 0 0 0 0 9 9 9 9 9 9 9 9
-2 -2 -2 -2 -2 -2 -2 -2 1 1 1 1 -2 -2 -2 -2 -2 -2 -2 -2

